    unsorted:	 3.287977437e-006 36.70962433 34.54146240 28.79384265 55.16982964 142.4878746 390.2157245 296.7780978 855.9770840 946.9316222 1287.755765 1872.288446 1629.914246 2111.143675 2553.676659 3237.877267 4554.442879 5471.715727 13675.28834 17623.33249 66789.85148
      sorted:	 3.287977437e-006 28.79384265 34.54146240 36.70962433 55.16982964 142.4878746 296.7780978 390.2157245 855.9770840 946.9316222 1287.755765 1629.914246 1872.288446 2111.143675 2553.676659 3237.877267 4554.442879 5471.715727 13675.28834 17623.33249 66789.85148
