    unsorted:	 99.77809448 117.2225415 83.56520472 147.9247086 162.1348677 49.60337520 15.75588427 231.6115823 365.7980543 630.0457542 830.3916873 1070.865742 1101.779704 1342.035647 2011.926408 2755.585966 4368.271389 11008.03514 18512.78681 34942.12208 40120.47733 148142.7440
      sorted:	 15.75588427 49.60337520 83.56520472 99.77809448 117.2225415 147.9247086 162.1348677 231.6115823 365.7980543 630.0457542 830.3916873 1070.865742 1101.779704 1342.035647 2011.926408 2755.585966 4368.271389 11008.03514 18512.78681 34942.12208 40120.47733 148142.7440
