    unsorted:	 3.287977648e-006 36.70962437 34.54146240 28.79384263 55.16982963 142.4878746 390.2157244 296.7780978 855.9770841 946.9316222 1287.755765 1872.288449 1629.914246 2111.143675 2553.676659 3237.877267 4554.442879 5471.715728 13675.28834 17623.33249 66789.85148
      sorted:	 3.287977648e-006 28.79384263 34.54146240 36.70962437 55.16982963 142.4878746 296.7780978 390.2157244 855.9770841 946.9316222 1287.755765 1629.914246 1872.288449 2111.143675 2553.676659 3237.877267 4554.442879 5471.715728 13675.28834 17623.33249 66789.85148
