    unsorted:	 1030.682045 997.6516408 647.2228204 348.7335825 1351.043923 40.09401099 2847.588965 16907.03978
      sorted:	 40.09401099 348.7335825 647.2228204 997.6516408 1030.682045 1351.043923 2847.588965 16907.03978
