    unsorted:	 99.77809450 117.2225415 83.56520473 147.9247086 162.1348677 49.60337396 15.75588425 231.6115823 365.7980536 630.0457548 830.3916873 1070.865742 1101.779705 1342.035647 2011.926408 2755.585970 4368.271389 11008.03514 18512.78681 34942.12208 40120.47733 148142.7440
      sorted:	 15.75588425 49.60337396 83.56520473 99.77809450 117.2225415 147.9247086 162.1348677 231.6115823 365.7980536 630.0457548 830.3916873 1070.865742 1101.779705 1342.035647 2011.926408 2755.585970 4368.271389 11008.03514 18512.78681 34942.12208 40120.47733 148142.7440
